0 2020 3000 1000 0.01 1 two 5 TRUE TRUE
1 2020 3000 1000 0.01 1 two 5 TRUE TRUE
2 2020 3000 1000 0.01 1 two 5 TRUE TRUE
3 2020 3000 1000 0.01 1 two 5 TRUE TRUE
4 2020 3000 1000 0.01 1 two 5 TRUE TRUE
5 2020 3000 1000 0.01 1 two 5 TRUE TRUE
6 2020 3000 1000 0.01 1 two 5 TRUE TRUE
7 2020 3000 1000 0.01 1 two 5 TRUE TRUE
8 2020 3000 1000 0.01 1 two 5 TRUE TRUE
9 2020 3000 1000 0.01 1 two 5 TRUE TRUE
10 2020 3000 1000 0.01 1 two 5 TRUE TRUE
11 2020 3000 1000 0.01 1 two 5 TRUE TRUE
12 2020 3000 1000 0.01 1 two 5 TRUE TRUE
13 2020 3000 1000 0.01 1 two 5 TRUE TRUE
14 2020 3000 1000 0.01 1 two 5 TRUE TRUE
15 2020 3000 1000 0.01 1 two 5 TRUE TRUE
16 2020 3000 1000 0.01 1 two 5 TRUE TRUE
17 2020 3000 1000 0.01 1 two 5 TRUE TRUE
18 2020 3000 1000 0.01 1 two 5 TRUE TRUE
19 2020 3000 1000 0.01 1 two 5 TRUE TRUE
20 2020 3000 1000 0.01 1 two 5 TRUE TRUE
21 2020 3000 1000 0.01 1 two 5 TRUE TRUE
22 2020 3000 1000 0.01 1 two 5 TRUE TRUE
23 2020 3000 1000 0.01 1 two 5 TRUE TRUE
24 2020 3000 1000 0.01 1 two 5 TRUE TRUE
25 2020 3000 1000 0.01 1 two 5 TRUE TRUE
26 2020 3000 1000 0.01 1 two 5 TRUE TRUE
27 2020 3000 1000 0.01 1 two 5 TRUE TRUE
28 2020 3000 1000 0.01 1 two 5 TRUE TRUE
29 2020 3000 1000 0.01 1 two 5 TRUE TRUE
30 2020 3000 1000 0.01 1 two 5 TRUE TRUE
31 2020 3000 1000 0.01 1 two 5 TRUE TRUE
32 2020 3000 1000 0.01 1 two 5 TRUE TRUE
33 2020 3000 1000 0.01 1 two 5 TRUE TRUE
34 2020 3000 1000 0.01 1 two 5 TRUE TRUE
35 2020 3000 1000 0.01 1 two 5 TRUE TRUE
36 2020 3000 1000 0.01 1 two 5 TRUE TRUE
37 2020 3000 1000 0.01 1 two 5 TRUE TRUE
38 2020 3000 1000 0.01 1 two 5 TRUE TRUE
39 2020 3000 1000 0.01 1 two 5 TRUE TRUE
40 2020 3000 1000 0.01 1 two 5 TRUE TRUE
41 2020 3000 1000 0.01 1 two 5 TRUE TRUE
42 2020 3000 1000 0.01 1 two 5 TRUE TRUE
43 2020 3000 1000 0.01 1 two 5 TRUE TRUE
44 2020 3000 1000 0.01 1 two 5 TRUE TRUE
45 2020 3000 1000 0.01 1 two 5 TRUE TRUE
46 2020 3000 1000 0.01 1 two 5 TRUE TRUE
47 2020 3000 1000 0.01 1 two 5 TRUE TRUE
48 2020 3000 1000 0.01 1 two 5 TRUE TRUE
49 2020 3000 1000 0.01 1 two 5 TRUE TRUE
50 2020 3000 1000 0.01 1 two 5 TRUE TRUE
51 2020 3000 1000 0.01 1 two 5 TRUE TRUE
52 2020 3000 1000 0.01 1 two 5 TRUE TRUE
53 2020 3000 1000 0.01 1 two 5 TRUE TRUE
54 2020 3000 1000 0.01 1 two 5 TRUE TRUE
55 2020 3000 1000 0.01 1 two 5 TRUE TRUE
56 2020 3000 1000 0.01 1 two 5 TRUE TRUE
57 2020 3000 1000 0.01 1 two 5 TRUE TRUE
58 2020 3000 1000 0.01 1 two 5 TRUE TRUE
59 2020 3000 1000 0.01 1 two 5 TRUE TRUE
60 2020 3000 1000 0.01 1 two 5 TRUE TRUE
61 2020 3000 1000 0.01 1 two 5 TRUE TRUE
62 2020 3000 1000 0.01 1 two 5 TRUE TRUE
63 2020 3000 1000 0.01 1 two 5 TRUE TRUE
64 2020 3000 1000 0.01 1 two 5 TRUE TRUE
65 2020 3000 1000 0.01 1 two 5 TRUE TRUE
66 2020 3000 1000 0.01 1 two 5 TRUE TRUE
67 2020 3000 1000 0.01 1 two 5 TRUE TRUE
68 2020 3000 1000 0.01 1 two 5 TRUE TRUE
69 2020 3000 1000 0.01 1 two 5 TRUE TRUE
70 2020 3000 1000 0.01 1 two 5 TRUE TRUE
71 2020 3000 1000 0.01 1 two 5 TRUE TRUE
72 2020 3000 1000 0.01 1 two 5 TRUE TRUE
73 2020 3000 1000 0.01 1 two 5 TRUE TRUE
74 2020 3000 1000 0.01 1 two 5 TRUE TRUE
75 2020 3000 1000 0.01 1 two 5 TRUE TRUE
76 2020 3000 1000 0.01 1 two 5 TRUE TRUE
77 2020 3000 1000 0.01 1 two 5 TRUE TRUE
78 2020 3000 1000 0.01 1 two 5 TRUE TRUE
79 2020 3000 1000 0.01 1 two 5 TRUE TRUE
80 2020 3000 1000 0.01 1 two 5 TRUE TRUE
81 2020 3000 1000 0.01 1 two 5 TRUE TRUE
82 2020 3000 1000 0.01 1 two 5 TRUE TRUE
83 2020 3000 1000 0.01 1 two 5 TRUE TRUE
84 2020 3000 1000 0.01 1 two 5 TRUE TRUE
85 2020 3000 1000 0.01 1 two 5 TRUE TRUE
86 2020 3000 1000 0.01 1 two 5 TRUE TRUE
87 2020 3000 1000 0.01 1 two 5 TRUE TRUE
88 2020 3000 1000 0.01 1 two 5 TRUE TRUE
89 2020 3000 1000 0.01 1 two 5 TRUE TRUE
90 2020 3000 1000 0.01 1 two 5 TRUE TRUE
91 2020 3000 1000 0.01 1 two 5 TRUE TRUE
92 2020 3000 1000 0.01 1 two 5 TRUE TRUE
93 2020 3000 1000 0.01 1 two 5 TRUE TRUE
94 2020 3000 1000 0.01 1 two 5 TRUE TRUE
95 2020 3000 1000 0.01 1 two 5 TRUE TRUE
96 2020 3000 1000 0.01 1 two 5 TRUE TRUE
97 2020 3000 1000 0.01 1 two 5 TRUE TRUE
98 2020 3000 1000 0.01 1 two 5 TRUE TRUE
99 2020 3000 1000 0.01 1 two 5 TRUE TRUE
100 2020 3000 1000 0.01 1 two 5 TRUE TRUE
101 2020 3000 1000 0.01 1 two 5 TRUE TRUE
102 2020 3000 1000 0.01 1 two 5 TRUE TRUE
103 2020 3000 1000 0.01 1 two 5 TRUE TRUE
104 2020 3000 1000 0.01 1 two 5 TRUE TRUE
105 2020 3000 1000 0.01 1 two 5 TRUE TRUE
106 2020 3000 1000 0.01 1 two 5 TRUE TRUE
107 2020 3000 1000 0.01 1 two 5 TRUE TRUE
108 2020 3000 1000 0.01 1 two 5 TRUE TRUE
109 2020 3000 1000 0.01 1 two 5 TRUE TRUE
110 2020 3000 1000 0.01 1 two 5 TRUE TRUE
111 2020 3000 1000 0.01 1 two 5 TRUE TRUE
112 2020 3000 1000 0.01 1 two 5 TRUE TRUE
113 2020 3000 1000 0.01 1 two 5 TRUE TRUE
114 2020 3000 1000 0.01 1 two 5 TRUE TRUE
115 2020 3000 1000 0.01 1 two 5 TRUE TRUE
116 2020 3000 1000 0.01 1 two 5 TRUE TRUE
117 2020 3000 1000 0.01 1 two 5 TRUE TRUE
118 2020 3000 1000 0.01 1 two 5 TRUE TRUE
119 2020 3000 1000 0.01 1 two 5 TRUE TRUE
120 2020 3000 1000 0.01 1 two 5 TRUE TRUE
121 2020 3000 1000 0.01 1 two 5 TRUE TRUE
122 2020 3000 1000 0.01 1 two 5 TRUE TRUE
123 2020 3000 1000 0.01 1 two 5 TRUE TRUE
124 2020 3000 1000 0.01 1 two 5 TRUE TRUE
125 2020 3000 1000 0.01 1 two 5 TRUE TRUE
126 2020 3000 1000 0.01 1 two 5 TRUE TRUE
127 2020 3000 1000 0.01 1 two 5 TRUE TRUE
128 2020 3000 1000 0.01 1 two 5 TRUE TRUE
129 2020 3000 1000 0.01 1 two 5 TRUE TRUE
130 2020 3000 1000 0.01 1 two 5 TRUE TRUE
131 2020 3000 1000 0.01 1 two 5 TRUE TRUE
132 2020 3000 1000 0.01 1 two 5 TRUE TRUE
133 2020 3000 1000 0.01 1 two 5 TRUE TRUE
134 2020 3000 1000 0.01 1 two 5 TRUE TRUE
135 2020 3000 1000 0.01 1 two 5 TRUE TRUE
136 2020 3000 1000 0.01 1 two 5 TRUE TRUE
137 2020 3000 1000 0.01 1 two 5 TRUE TRUE
138 2020 3000 1000 0.01 1 two 5 TRUE TRUE
139 2020 3000 1000 0.01 1 two 5 TRUE TRUE
140 2020 3000 1000 0.01 1 two 5 TRUE TRUE
141 2020 3000 1000 0.01 1 two 5 TRUE TRUE
142 2020 3000 1000 0.01 1 two 5 TRUE TRUE
143 2020 3000 1000 0.01 1 two 5 TRUE TRUE
144 2020 3000 1000 0.01 1 two 5 TRUE TRUE
145 2020 3000 1000 0.01 1 two 5 TRUE TRUE
146 2020 3000 1000 0.01 1 two 5 TRUE TRUE
147 2020 3000 1000 0.01 1 two 5 TRUE TRUE
148 2020 3000 1000 0.01 1 two 5 TRUE TRUE
149 2020 3000 1000 0.01 1 two 5 TRUE TRUE
150 2020 3000 1000 0.01 1 two 5 TRUE TRUE
151 2020 3000 1000 0.01 1 two 5 TRUE TRUE
152 2020 3000 1000 0.01 1 two 5 TRUE TRUE
153 2020 3000 1000 0.01 1 two 5 TRUE TRUE
154 2020 3000 1000 0.01 1 two 5 TRUE TRUE
155 2020 3000 1000 0.01 1 two 5 TRUE TRUE
156 2020 3000 1000 0.01 1 two 5 TRUE TRUE
157 2020 3000 1000 0.01 1 two 5 TRUE TRUE
158 2020 3000 1000 0.01 1 two 5 TRUE TRUE
159 2020 3000 1000 0.01 1 two 5 TRUE TRUE
160 2020 3000 1000 0.01 1 two 5 TRUE TRUE
161 2020 3000 1000 0.01 1 two 5 TRUE TRUE
162 2020 3000 1000 0.01 1 two 5 TRUE TRUE
163 2020 3000 1000 0.01 1 two 5 TRUE TRUE
164 2020 3000 1000 0.01 1 two 5 TRUE TRUE
165 2020 3000 1000 0.01 1 two 5 TRUE TRUE
166 2020 3000 1000 0.01 1 two 5 TRUE TRUE
167 2020 3000 1000 0.01 1 two 5 TRUE TRUE
168 2020 3000 1000 0.01 1 two 5 TRUE TRUE
169 2020 3000 1000 0.01 1 two 5 TRUE TRUE
170 2020 3000 1000 0.01 1 two 5 TRUE TRUE
171 2020 3000 1000 0.01 1 two 5 TRUE TRUE
172 2020 3000 1000 0.01 1 two 5 TRUE TRUE
173 2020 3000 1000 0.01 1 two 5 TRUE TRUE
174 2020 3000 1000 0.01 1 two 5 TRUE TRUE
175 2020 3000 1000 0.01 1 two 5 TRUE TRUE
176 2020 3000 1000 0.01 1 two 5 TRUE TRUE
177 2020 3000 1000 0.01 1 two 5 TRUE TRUE
178 2020 3000 1000 0.01 1 two 5 TRUE TRUE
179 2020 3000 1000 0.01 1 two 5 TRUE TRUE
180 2020 3000 1000 0.01 1 two 5 TRUE TRUE
181 2020 3000 1000 0.01 1 two 5 TRUE TRUE
182 2020 3000 1000 0.01 1 two 5 TRUE TRUE
183 2020 3000 1000 0.01 1 two 5 TRUE TRUE
184 2020 3000 1000 0.01 1 two 5 TRUE TRUE
185 2020 3000 1000 0.01 1 two 5 TRUE TRUE
186 2020 3000 1000 0.01 1 two 5 TRUE TRUE
187 2020 3000 1000 0.01 1 two 5 TRUE TRUE
188 2020 3000 1000 0.01 1 two 5 TRUE TRUE
189 2020 3000 1000 0.01 1 two 5 TRUE TRUE
190 2020 3000 1000 0.01 1 two 5 TRUE TRUE
191 2020 3000 1000 0.01 1 two 5 TRUE TRUE
192 2020 3000 1000 0.01 1 two 5 TRUE TRUE
193 2020 3000 1000 0.01 1 two 5 TRUE TRUE
194 2020 3000 1000 0.01 1 two 5 TRUE TRUE
195 2020 3000 1000 0.01 1 two 5 TRUE TRUE
196 2020 3000 1000 0.01 1 two 5 TRUE TRUE
197 2020 3000 1000 0.01 1 two 5 TRUE TRUE
198 2020 3000 1000 0.01 1 two 5 TRUE TRUE
199 2020 3000 1000 0.01 1 two 5 TRUE TRUE
